111111111111111111111111111111
100000000000001100000000000001
101111001111101101111100111101
101111001111101101111100111101
101111001111101101111100111101
100000000000000000000000000001
101111001001111111100100111101
101111001001111111100100111101
100000001000001100000100000001
111111001111101101111100111111
111111001111101101111100111111
111111001000000000000100111111
111111001001110011100100111111
000000000001111111100000000000
000000000001111111100000000000
111111001001111111100100111111
111111001000000000000100111111
111111001000000000000100111111
111111001001111111100100111111
100000000000001100000000000001
100000000000001100000000000001
101111001111101101111100111101
100001000000000000000000100001
111001000000000000000000100111
111001001001111111100100100111
100000001000001100000100000001
101111111111101101111111111101
101111111111101101111111111101
100000000000000000000000000001
111111111111111111111111111111